triangle
-1.929444	-0.763763	2.696150	-0.577350	-0.577350	0.577350	0.498707	0.667658
3.070556	-0.763763	2.696150	0.577350	-0.577350	0.577350	0.498707	0.332342
-1.929444	4.236238	2.696150	0.577350	0.577350	0.577350	0.249914	0.332342
triangle
-1.929444	4.236238	2.696150	0.577350	0.577350	0.577350	0.249914	0.332342
3.070556	-0.763763	2.696150	0.577350	-0.577350	0.577350	0.498707	0.332342
3.070556	4.236238	2.696150	-0.577350	0.577350	0.577350	0.249914	0.667657
triangle
-1.929444	4.236238	2.696150	0.577350	0.577350	0.577350	0.001121	0.332342
3.070556	4.236238	2.696150	-0.577350	0.577350	0.577350	0.001121	0.667657
-1.929444	4.236238	-2.303850	0.577350	0.577350	0.577350	0.996293	0.667658
triangle
-1.929444	4.236238	-2.303850	0.577350	0.577350	0.577350	0.996293	0.667658
3.070556	4.236238	2.696150	-0.577350	0.577350	0.577350	0.001121	0.667657
3.070556	4.236238	-2.303850	-0.577350	0.577350	0.577350	0.996293	0.332342
triangle
-1.929444	4.236238	-2.303850	-0.577350	0.577350	-0.577350	0.747499	0.332342
3.070556	4.236238	-2.303850	0.577350	0.577350	-0.577350	0.747499	0.667658
-1.929444	-0.763763	-2.303850	0.577350	0.577350	-0.577350	0.747499	-0.002974
triangle
-1.929444	-0.763763	-2.303850	0.577350	0.577350	-0.577350	0.747499	-0.002974
3.070556	4.236238	-2.303850	0.577350	0.577350	-0.577350	0.747499	0.667658
3.070556	-0.763763	-2.303850	-0.577350	0.577350	-0.577350	0.498707	-0.002974
triangle
-1.929444	-0.763763	-2.303850	0.577350	0.577350	-0.577350	0.498707	1.002973
3.070556	-0.763763	-2.303850	-0.577350	0.577350	-0.577350	0.747499	1.002973
-1.929444	-0.763763	2.696150	-0.577350	-0.577350	0.577350	0.000000	0.000000
triangle
-1.929444	-0.763763	2.696150	-0.577350	-0.577350	0.577350	0.000000	0.000000
3.070556	-0.763763	-2.303850	-0.577350	0.577350	-0.577350	0.747499	1.002973
3.070556	-0.763763	2.696150	0.577350	-0.577350	0.577350	0.000000	0.000000
triangle
3.070556	-0.763763	2.696150	0.577350	-0.577350	0.577350	0.000000	0.000000
3.070556	-0.763763	-2.303850	-0.577350	0.577350	-0.577350	0.000000	0.000000
3.070556	4.236238	2.696150	0.577350	-0.577350	-0.577350	0.000000	0.000000
triangle
3.070556	4.236238	2.696150	0.577350	-0.577350	-0.577350	0.000000	0.000000
3.070556	-0.763763	-2.303850	-0.577350	0.577350	-0.577350	0.000000	0.000000
3.070556	4.236238	-2.303850	-0.577350	-0.577350	-0.577350	0.000000	0.000000
triangle
-1.929444	-0.763763	-2.303850	0.577350	0.577350	-0.577350	0.000000	0.000000
-1.929444	-0.763763	2.696150	-0.577350	-0.577350	0.577350	0.000000	0.000000
-1.929444	4.236238	-2.303850	0.577350	-0.577350	-0.577350	0.000000	0.000000
triangle
-1.929444	4.236238	-2.303850	0.577350	-0.577350	-0.577350	0.000000	0.000000
-1.929444	-0.763763	2.696150	-0.577350	-0.577350	0.577350	0.000000	0.000000
-1.929444	4.236238	2.696150	-0.577350	-0.577350	-0.577350	0.000000	0.000000
