14.1257, -6.98919, 1.55061, 
15.7815, -6.60372, -5.88541, 
12.5633, 7.66005, 1.84292,  
15.7815, -6.60372, -5.88541,
12.5633, 7.66005, 1.84292, 
14.2314, 8.13397, -5.81229, 
14.6395, -7.2584, 5.95877, 
16.3175, -6.94544, -1.43532, 
13.0301, 7.36887, 6.51383, 
16.3175, -6.94544, -1.43532, 
13.0301, 7.36887, 6.51383, 
14.725, 7.77759, -1.23243, 
14.1257, -6.98919, 1.55061, 
15.7815, -6.60372, -5.88541, 
14.6395, -7.2584, 5.95877, 
15.7815, -6.60372, -5.88541, 
14.6395, -7.2584, 5.95877, 
16.3175, -6.94544, -1.43532, 
14.2314, 8.13397, -5.81229, 
12.5633, 7.66005, 1.84292, 
14.725, 7.77759, -1.23243,  
12.5633, 7.66005, 1.84292,  
14.725, 7.77759, -1.23243,  
13.0301, 7.36887, 6.51383,  
15.7815, -6.60372, -5.88541, 
14.2314, 8.13397, -5.81229, 
16.3175, -6.94544, -1.43532, 
14.2314, 8.13397, -5.81229, 
16.3175, -6.94544, -1.43532, 
14.725, 7.77759, -1.23243, 
14.1257, -6.98919, 1.55061, 
12.5633, 7.66005, 1.84292, 
14.6395, -7.2584, 5.95877, 
12.5633, 7.66005, 1.84292, 
14.6395, -7.2584, 5.95877, 
13.0301, 7.36887, 6.51383
