triangle
-9.647252	-0.338257	-76.010498	0.000000	0.000000	1.000000	0.454723	0.233640
11.043910	-0.338257	-76.010498	0.000000	0.000000	1.000000	0.554238	0.233653
-9.647252	45.912994	-76.010498	0.000000	0.000000	1.000000	0.451969	0.606415
triangle
-9.647252	45.912994	-76.010498	0.000000	0.000000	1.000000	0.451969	0.606415
11.043910	-0.338257	-76.010498	0.000000	0.000000	1.000000	0.554238	0.233653
11.043910	45.912994	-76.010498	0.000000	0.000000	1.000000	0.549183	0.605556
triangle
-9.647252	45.912994	-76.010498	0.000000	1.000000	0.000000	0.451969	0.606415
11.043910	45.912994	-76.010498	0.000000	1.000000	0.000000	0.549183	0.605556
-9.647252	45.912994	-81.063904	0.000000	1.000000	0.000000	0.452136	0.667293
triangle
-9.647252	45.912994	-81.063904	0.000000	1.000000	0.000000	0.452136	0.667293
11.043910	45.912994	-76.010498	0.000000	1.000000	0.000000	0.549183	0.605556
11.043910	45.912994	-81.063904	0.000000	1.000000	0.000000	0.549183	0.663576
triangle
-9.647252	45.912994	-81.063904	0.000000	0.000000	-1.000000	0.452136	0.667293
11.043910	45.912994	-81.063904	0.000000	0.000000	-1.000000	0.549183	0.663576
-9.647252	-0.338257	-81.063904	0.000000	0.000000	-1.000000	0.443234	0.228374
triangle
-9.647252	-0.338257	-81.063904	0.000000	0.000000	-1.000000	0.443234	0.228374
11.043910	45.912994	-81.063904	0.000000	0.000000	-1.000000	0.549183	0.663576
11.043910	-0.338257	-81.063904	0.000000	0.000000	-1.000000	0.552229	0.236243
triangle
-9.647252	-0.338257	-81.063904	0.000000	-1.000000	0.000000	0.443234	0.228374
11.043910	-0.338257	-81.063904	0.000000	-1.000000	0.000000	0.552229	0.236243
-9.647252	-0.338257	-76.010498	0.000000	-1.000000	0.000000	0.443611	0.604895
triangle
-9.647252	-0.338257	-76.010498	0.000000	-1.000000	0.000000	0.443611	0.604895
11.043910	-0.338257	-81.063904	0.000000	-1.000000	0.000000	0.552229	0.236243
11.043910	-0.338257	-76.010498	0.000000	-1.000000	0.000000	0.560625	0.605356
triangle
11.043910	-0.338257	-76.010498	1.000000	0.000000	0.000000	0.554238	0.233653
11.043910	-0.338257	-81.063904	1.000000	0.000000	0.000000	0.588615	0.234395
11.043910	45.912994	-76.010498	1.000000	0.000000	0.000000	0.549183	0.605556
triangle
11.043910	45.912994	-76.010498	1.000000	0.000000	0.000000	0.549183	0.605556
11.043910	-0.338257	-81.063904	1.000000	0.000000	0.000000	0.588615	0.234395
11.043910	45.912994	-81.063904	1.000000	0.000000	0.000000	0.590924	0.605729
triangle
-9.647252	-0.338257	-81.063904	-1.000000	0.000000	0.000000	0.410977	0.237892
-9.647252	-0.338257	-76.010498	-1.000000	0.000000	0.000000	0.454723	0.233640
-9.647252	45.912994	-81.063904	-1.000000	0.000000	0.000000	0.412903	0.606719
triangle
-9.647252	45.912994	-81.063904	-1.000000	0.000000	0.000000	0.412903	0.606719
-9.647252	-0.338257	-76.010498	-1.000000	0.000000	0.000000	0.454723	0.233640
-9.647252	45.912994	-76.010498	-1.000000	0.000000	0.000000	0.451969	0.606415
